4 0.48918269230769235 0.5552884615384616 0.04567307692307693 0.04326923076923077
4 0.8329326923076924 0.5973557692307693 0.08413461538461539 0.0889423076923077
4 0.4903846153846154 0.6177884615384616 0.04807692307692308 0.04807692307692308
4 0.2247596153846154 0.6814903846153847 0.05048076923076923 0.05048076923076923
4 0.7199519230769231 0.6045673076923077 0.05048076923076923 0.05048076923076923
4 0.8990384615384616 0.6502403846153847 0.04807692307692308 0.04567307692307693
4 0.6033653846153847 0.6009615384615385 0.04807692307692308 0.04807692307692308
4 0.6730769230769231 0.5504807692307693 0.04326923076923077 0.04326923076923077
4 0.7319711538461539 0.5324519230769231 0.04567307692307693 0.040865384615384616
4 0.9759615384615385 0.6442307692307693 0.038461538461538464 0.04326923076923077
4 0.5949519230769231 0.5516826923076923 0.04567307692307693 0.040865384615384616
4 0.9807692307692308 0.5661057692307693 0.028846153846153848 0.06971153846153846
4 0.6490384615384616 0.5901442307692308 0.04326923076923077 0.04567307692307693
