4 0.3822115384615385 0.6622596153846154 0.038461538461538464 0.03605769230769231
4 0.7355769230769231 0.5324519230769231 0.03365384615384616 0.03125
4 0.5649038461538461 0.5420673076923077 0.03365384615384616 0.03125
4 0.46634615384615385 0.5360576923076923 0.028846153846153848 0.03365384615384616
4 0.6682692307692308 0.5204326923076923 0.03365384615384616 0.03125
4 0.5180288461538461 0.4831730769230769 0.03125 0.028846153846153848
4 0.5997596153846154 0.44230769230769235 0.03125 0.028846153846153848
4 0.453125 0.6514423076923077 0.07451923076923077 0.04326923076923077
4 0.4831730769230769 0.6201923076923077 0.028846153846153848 0.03365384615384616
4 0.3942307692307693 0.265625 0.028846153846153848 0.026442307692307696
