2 0.47716346153846156 0.5360576923076923 0.05528846153846154 0.1201923076923077
2 0.5649038461538461 0.561298076923077 0.04807692307692308 0.10817307692307693
2 0.30168269230769235 0.5480769230769231 0.04567307692307693 0.08173076923076923
2 0.2295673076923077 0.5637019230769231 0.05528846153846154 0.06490384615384616
2 0.34855769230769235 0.5697115384615385 0.03365384615384616 0.0625
2 0.7163461538461539 0.578125 0.03365384615384616 0.05048076923076923
2 0.765625 0.5697115384615385 0.05048076923076923 0.06730769230769232
2 0.5516826923076923 0.5564903846153847 0.040865384615384616 0.10817307692307693
2 0.5180288461538461 0.5576923076923077 0.03125 0.08173076923076923
2 0.6514423076923077 0.5697115384615385 0.04807692307692308 0.057692307692307696
